
    Original Stdev: 6.11328125 m/s
    Predicted MAE:  0.7279467822713532 m/s
    Predicted RMSE: 0.914028224891252 m/s

    Frequencies: 6
    Size/level: 0.01083 MB
    Size/time: 0.38988 MB
    Size/day: 3.11904 MB
    Size/year: 1138.4496 MB
    