
    Original Stdev: 5.66796875 m/s
    Predicted MAE:  0.6984024811883637 m/s
    Predicted RMSE: 0.8803088602176099 m/s

    Frequencies: 6
    Size/level: 0.01083 MB
    Size/time: 0.38988 MB
    Size/day: 3.11904 MB
    Size/year: 1138.4496 MB
    