
    Original Stdev: 3.06640625 m/s
    Predicted MAE:  0.13030716769513992 m/s
    Predicted RMSE: 0.20401303496480677 m/s

    Frequencies: 73
    Size/level: 0.158118 MB
    Size/time: 5.692248 MB
    Size/day: 45.537984 MB
    Size/year: 16621.36416 MB
    