
    Original Stdev: 3.06640625 m/s
    Predicted MAE:  0.7374976447221092 m/s
    Predicted RMSE: 1.0647849521744979 m/s

    Frequencies: 6
    Size/level: 0.01083 MB
    Size/time: 0.38988 MB
    Size/day: 3.11904 MB
    Size/year: 1138.4496 MB
    