
    Original Stdev: 3.06640625 m/s
    Predicted MAE:  0.31911397309878364 m/s
    Predicted RMSE: 0.4520080920082579 m/s

    Frequencies: 29
    Size/level: 0.062814 MB
    Size/time: 2.261304 MB
    Size/day: 18.090432 MB
    Size/year: 6603.00768 MB
    