
    Original Stdev: 3.06640625 m/s
    Predicted MAE:  0.0007021971754430502 m/s
    Predicted RMSE: 0.0008341446932068351 m/s

    Frequencies: 289
    Size/level: 0.625974 MB
    Size/time: 22.535064 MB
    Size/day: 180.280512 MB
    Size/year: 65802.38688 MB
    