
    Original Stdev: 4.269261360168457 m/s
    Predicted MAE:  0.841477170708817 m/s
    Predicted RMSE: 1.1735810127795505 m/s

    Frequencies: 6
    Size/level: 0.01083 MB
    Size/time: 0.38988 MB
    Size/day: 3.11904 MB
    Size/year: 1138.4496 MB
    