
    Original Stdev: 10.063274383544922 m/s
    Predicted MAE:  0.7777054164717866 m/s
    Predicted RMSE: 1.106368608661116 m/s

    Frequencies: 6
    Size/level: 0.01083 MB
    Size/time: 0.38988 MB
    Size/day: 3.11904 MB
    Size/year: 1138.4496 MB
    