
    Original Stdev: 2.595703125 m/s
    Predicted MAE:  0.047047165465564963 m/s
    Predicted RMSE: 0.06778620769051187 m/s

    Frequencies: 145
    Size/level: 0.31407 MB
    Size/time: 11.30652 MB
    Size/day: 90.45216 MB
    Size/year: 33015.0384 MB
    