
    Original Stdev: 1.1826171875 m/s
    Predicted MAE:  0.44966110197776454 m/s
    Predicted RMSE: 0.5925774180438383 m/s

    Frequencies: 6
    Size/level: 0.01083 MB
    Size/time: 0.38988 MB
    Size/day: 3.11904 MB
    Size/year: 1138.4496 MB
    