
    Original Stdev: 2.595703125 m/s
    Predicted MAE:  0.0005286580374457089 m/s
    Predicted RMSE: 0.0006870099160136308 m/s

    Frequencies: 289
    Size/level: 0.625974 MB
    Size/time: 22.535064 MB
    Size/day: 180.280512 MB
    Size/year: 65802.38688 MB
    