
    Original Stdev: 2.595703125 m/s
    Predicted MAE:  0.7050672935219898 m/s
    Predicted RMSE: 0.9326451107767076 m/s

    Frequencies: 6
    Size/level: 0.01083 MB
    Size/time: 0.38988 MB
    Size/day: 3.11904 MB
    Size/year: 1138.4496 MB
    