
    Original Stdev: 2.9572482109069824 m/s
    Predicted MAE:  0.9631361215015449 m/s
    Predicted RMSE: 1.3335507012343812 m/s

    Frequencies: 6
    Size/level: 0.01083 MB
    Size/time: 0.38988 MB
    Size/day: 3.11904 MB
    Size/year: 1138.4496 MB
    