
    Original Stdev: inf m/s
    Predicted MAE:  0.9207564823482017 m/s
    Predicted RMSE: 1.3160260923139488 m/s

    Frequencies: 6
    Size/level: 0.01083 MB
    Size/time: 0.38988 MB
    Size/day: 3.11904 MB
    Size/year: 1138.4496 MB
    